[gd_scene load_steps=18 format=3 uid="uid://njgkawiv7sdy"]

[ext_resource type="LightmapGIData" uid="uid://bog8vgj034dhh" path="res://scenes/reia/reia.lmbake" id="1_6htgl"]
[ext_resource type="PackedScene" uid="uid://c28gkmhvhs58v" path="res://scenes/ui/game_ui.tscn" id="1_ttgxx"]
[ext_resource type="PackedScene" uid="uid://bmicgu6inl8e5" path="res://assets/characters/npcs/larry.tscn" id="2_w4lqh"]
[ext_resource type="PackedScene" uid="uid://op561o2k0d4o" path="res://assets/characters/enemies/aqua_wizard.tscn" id="3_jgoiv"]
[ext_resource type="PackedScene" uid="uid://eicmer2kdgy" path="res://scripts/mob/attackable/player/my_player.tscn" id="3_m63h2"]
[ext_resource type="PackedScene" uid="uid://bm6j14ip2oywr" path="res://assets/world/rocks/collections/stylized_rocks.glb" id="5_glpdm"]
[ext_resource type="PackedScene" uid="uid://bj7e34l2ty1yt" path="res://assets/world/trees/compositions/stylized_tree.glb" id="8_bup5i"]
[ext_resource type="PackedScene" uid="uid://bvb75kmlbcbav" path="res://assets/world/fountains/stylized_fountain.glb" id="9_ksg1v"]
[ext_resource type="Environment" uid="uid://my6k5ee2qus7" path="res://scenes/reia/reia_day.tres" id="11_d2pml"]
[ext_resource type="PackedScene" uid="uid://dgpnu1i4wpcpm" path="res://scenes/managers/managers.tscn" id="12_n0e80"]
[ext_resource type="PackedScene" uid="uid://cmnfswjhhgkfd" path="res://assets/world/sky/islands/floating_house.glb" id="12_x2unh"]
[ext_resource type="PackedScene" uid="uid://ce72x7shwqq2l" path="res://assets/world/forest/trees/forest_large_tree.glb" id="13_la4es"]
[ext_resource type="PackedScene" uid="uid://cslscakiyp5gs" path="res://assets/world/sky/islands/floating_island.glb" id="14_r436h"]
[ext_resource type="PackedScene" uid="uid://inny187m6t4r" path="res://scripts/mob/attackable/player/abilities/combat/pyro/fireball/Ball.glb" id="14_wasve"]

[sub_resource type="StandardMaterial3D" id="StandardMaterial3D_epo51"]
albedo_color = Color(0.265625, 0.898438, 0.4375, 1)

[sub_resource type="AnimationNodeAnimation" id="AnimationNodeAnimation_oc65k"]
animation = &"Animation"

[sub_resource type="AnimationNodeBlendTree" id="AnimationNodeBlendTree_0piid"]
graph_offset = Vector2(-356.86, 91.4215)
nodes/Animation/node = SubResource("AnimationNodeAnimation_oc65k")
nodes/Animation/position = Vector2(111.49, 206.21)
node_connections = [&"output", 0, &"Animation"]

[node name="Map_Reia" type="Node"]

[node name="LightmapGI" type="LightmapGI" parent="."]
directional = true
light_data = ExtResource("1_6htgl")

[node name="Players" type="Node" parent="."]

[node name="MyPlayer" parent="Players" instance=ExtResource("3_m63h2")]
transform = Transform3D(0.998268, 0, -0.0588184, 0, 1, 0, 0.0588184, 0, 0.998268, 1.26472, -0.756826, 3.37216)

[node name="NPCs" type="Node3D" parent="."]
transform = Transform3D(1, 0, 0, 0, 1, 0, 0, 0, 1, 1.57933, -0.75015, 1.28274)

[node name="Larry" parent="NPCs" instance=ExtResource("2_w4lqh")]
collision_mask = 287

[node name="Enemies" type="Node3D" parent="."]
transform = Transform3D(1, 0, 0, 0, 1, 0, 0, 0, 1, 1.57933, -0.75015, 1.28274)

[node name="AquaWizard" parent="Enemies" instance=ExtResource("3_jgoiv")]
transform = Transform3D(-0.351793, 0, 0.936078, 0, 1, 0, -0.936078, 0, -0.351793, -5.80119, 0, 2.76315)
collision_layer = 18
collision_mask = 287

[node name="Terrain" type="Node" parent="."]

[node name="Uncatagorized" type="Node3D" parent="Terrain"]

[node name="stylized_tree" parent="Terrain/Uncatagorized" instance=ExtResource("8_bup5i")]
transform = Transform3D(1, 0, 0, 0, 1, 0, 0, 0, 1, 0.174368, -0.852344, 0.25471)

[node name="stylized_rocks" parent="Terrain/Uncatagorized" instance=ExtResource("5_glpdm")]
transform = Transform3D(-1.28502, 0, -1.69996, 0, 2.13099, 0, 1.69996, 0, -1.28502, 4.77679, 0.408005, -0.690962)

[node name="stylized_fountain" parent="Terrain/Uncatagorized" instance=ExtResource("9_ksg1v")]
transform = Transform3D(0.766045, 0, 0.642788, 0, 1, 0, -0.642788, 0, 0.766045, 1.89809, -0.683953, -6.31448)

[node name="MeshInstance3D" type="MeshInstance3D" parent="Terrain/Uncatagorized"]

[node name="Groundings" type="Node3D" parent="Terrain"]

[node name="Ground" type="CSGBox3D" parent="Terrain/Groundings"]
transform = Transform3D(3.86976, 0, 0, 0, 1.00056, 0, 0, 0, 8.83943, 0, -0.75856, -24.7402)
layers = 1025
use_collision = true
collision_layer = 256
collision_mask = 0
size = Vector3(35, 0.002, 15)
material = SubResource("StandardMaterial3D_epo51")

[node name="Background" type="Node3D" parent="Terrain"]

[node name="floating_house" parent="Terrain/Background" instance=ExtResource("12_x2unh")]
transform = Transform3D(0.528438, 0, -0.848972, 0, 1, 0, 0.848972, 0, 0.528438, 283.536, 0.54, -508.363)

[node name="floating_island" parent="Terrain/Background" instance=ExtResource("14_r436h")]
transform = Transform3D(-0.759271, 0, -0.650774, 0, 1, 0, 0.650774, 0, -0.759271, -195.998, 62.915, -391.051)

[node name="UI" type="Node" parent="."]

[node name="GameUI" parent="UI" instance=ExtResource("1_ttgxx")]

[node name="World" type="Node" parent="."]

[node name="Day_DirectionalLight3D" type="DirectionalLight3D" parent="World"]
transform = Transform3D(0.866025, -0.353553, 0.353554, 0, 0.707107, 0.707106, -0.5, -0.612372, 0.612373, 8.0816, 7.32544, 14.4232)
light_energy = 1.5
shadow_enabled = true
shadow_bias = 0.025
directional_shadow_split_1 = 0.02
directional_shadow_split_2 = 0.04
directional_shadow_split_3 = 0.08
directional_shadow_blend_splits = true
directional_shadow_max_distance = 300.0
directional_shadow_pancake_size = 4.0

[node name="Night_DirectionalLight3D" type="DirectionalLight3D" parent="World"]
transform = Transform3D(0.707107, 0.5, 0.5, 0, -0.707107, 0.707107, 0.707107, -0.5, -0.5, 0, 10.2533, 0)
visible = false
light_energy = 0.01

[node name="WorldEnvironment" type="WorldEnvironment" parent="World"]
environment = ExtResource("11_d2pml")

[node name="Managers" parent="." instance=ExtResource("12_n0e80")]

[node name="forest_large_tree" parent="." instance=ExtResource("13_la4es")]
transform = Transform3D(1, 0, 0, 0, 1, 0, 0, 0, 1, 3.10894, -0.757559, 3.49435)

[node name="AnimationTree" type="AnimationTree" parent="."]
tree_root = SubResource("AnimationNodeBlendTree_0piid")
anim_player = NodePath("../Ball/AnimationPlayer")
active = true

[node name="Ball2" parent="." instance=ExtResource("14_wasve")]
transform = Transform3D(0.0949471, 0, 0, 0, -0.0118227, 0.0942081, 0, -0.0942081, -0.0118227, 1.47486, 0.0329688, 3.27314)

[node name="Base" parent="Ball2/Fireball" index="0"]
transform = Transform3D(-3.10291, 0, 1.40699, 0, 6.522, 0, -1.40699, 0, -3.10291, 0, -0.916145, -3.33786e-06)

[node name="Core" parent="Ball2/Fireball" index="1"]
transform = Transform3D(1, 0, 0, 0, 1, 7.45058e-09, 0, -7.45058e-09, 1, 0, 0, 0)

[node name="Inner" parent="Ball2/Fireball" index="2"]
transform = Transform3D(0.0521876, -0.697739, -0.714449, -0.996195, 0.0136336, -0.0860828, 0.0698038, 0.716222, -0.694372, 0, 0, 0)

[node name="Outer" parent="Ball2/Fireball" index="3"]
transform = Transform3D(0.707107, -0.681748, -0.18767, -0.707107, -0.681748, -0.18767, 4.47035e-08, 0.265405, -0.964137, 0, 0, 0)

[node name="Ball" parent="." instance=ExtResource("14_wasve")]
transform = Transform3D(1, 0, 0, 0, 1, 0, 0, 0, 1, 0, 0, 6)

[node name="Base" parent="Ball/Fireball" index="0"]
transform = Transform3D(-0.932279, 0, 0.36174, 0, 1, 0, -0.36174, 0, -0.932279, 0, -0.916148, 0)

[node name="Inner" parent="Ball/Fireball" index="2"]
transform = Transform3D(0.0521876, -0.735233, -0.675802, -0.996194, 0.00897397, -0.0866925, 0.0698038, 0.677755, -0.731967, 0, 0, 0)

[node name="Outer" parent="Ball/Fireball" index="3"]
transform = Transform3D(0.707107, -0.698174, -0.112043, -0.707107, -0.698174, -0.112043, -4.47035e-08, 0.158453, -0.987366, 0, 0, 0)

[editable path="Ball2"]
[editable path="Ball"]
